%YAML:1.0
---
project_matrix: !!opencv-matrix
   rows: 3
   cols: 3
   dt: d
   data: [ -9.3070874510219026e-01, -4.1405550648825917e+00,
       1.1216126052183415e+03, 1.3669740891976151e-01,
       -4.6651507085268138e+00, 1.0607568570787648e+03,
       2.8474752086329793e-04, -6.8625514942363052e-03, 1. ]
