%YAML:1.0
---
project_matrix: !!opencv-matrix
   rows: 3
   cols: 3
   dt: d
   data: [ 3.2544137666101460e+00, 7.4286464322815648e+00,
       -1.1683387284648961e+03, -5.6169448819470902e-01,
       6.2906359558080212e+00, -2.0726866728764904e+02,
       -1.1737215059256397e-03, 1.0223753858614531e-02, 1. ]
