%YAML:1.0
---
project_matrix: !!opencv-matrix
   rows: 3
   cols: 3
   dt: d
   data: [ -7.5875541942763569e-01, -2.7142735920148855e+00,
       7.5234416457202565e+02, -2.7035116980525137e-01,
       -2.6072661978860232e+00, 6.5058575848757437e+02,
       -5.1096047343636257e-04, -4.6086894346686587e-03, 1. ]
