%YAML:1.0
---
project_matrix: !!opencv-matrix
   rows: 3
   cols: 3
   dt: d
   data: [ -1.5134401274988541e+01, -4.2169445692489937e+01,
       1.0724381138361938e+04, -6.7381376780590163e-01,
       -2.9044610322524363e+01, 4.1490641432000384e+03,
       4.9428170463677217e-04, -4.7489470989931934e-02, 1. ]
